// PatSize	  TextSize	  Naive-RT	    KMP-RT
        10	     10000	       805	       578
       100	     10000	       634	       325
      1000	     10000	       215	       543
        10	     20000	       350	       668
       100	     20000	       355	       579
      1000	     20000	       176	       179
     10000	     20000	       239	       653
        10	     30000	       368	       259
       100	     30000	       397	       238
      1000	     30000	       269	       285
     10000	     30000	       355	       498
        10	     40000	       339	       290
       100	     40000	       349	       271
      1000	     40000	       355	       309
     10000	     40000	       407	       323
        10	     50000	       429	       401
       100	     50000	       439	       339
      1000	     50000	       447	       395
     10000	     50000	       496	       371
        10	     60000	       525	       413
       100	     60000	       619	       480
      1000	     60000	       524	       443
     10000	     60000	       596	       443
        10	     70000	       723	       483
       100	     70000	       622	       490
      1000	     70000	       617	       496
     10000	     70000	       747	       529
        10	     80000	       672	       598
       100	     80000	       735	       546
      1000	     80000	       706	       554
     10000	     80000	       856	       559
        10	     90000	       851	       685
       100	     90000	       849	       616
      1000	     90000	      1014	       650
     10000	     90000	       910	       627
        10	    100000	       906	       686
       100	    100000	       887	       690
      1000	    100000	       886	       734
     10000	    100000	       998	       732
        10	    110000	      1007	       868
       100	    110000	       972	       777
      1000	    110000	      1225	       751
     10000	    110000	      1068	       750
        10	    120000	      1386	       811
       100	    120000	      1055	       854
      1000	    120000	      1093	       813
     10000	    120000	      1232	       785
        10	    130000	      1171	       898
       100	    130000	      1159	       910
      1000	    130000	      1163	       890
     10000	    130000	      1258	       860
        10	    140000	      1219	      1060
       100	    140000	      1197	      1006
      1000	    140000	      1204	       961
     10000	    140000	      1391	       927
        10	    150000	      1300	      1026
       100	    150000	      1285	      1047
      1000	    150000	      1373	      1089
     10000	    150000	      1440	       981
        10	    160000	      1386	      1088
       100	    160000	      1363	      1094
      1000	    160000	      1534	      1117
     10000	    160000	      1535	      1037
        10	    170000	      1467	      1162
       100	    170000	      1886	      1180
      1000	    170000	      1546	      1166
     10000	    170000	      1677	      1118
        10	    180000	      1561	      1245
       100	    180000	      1553	      1281
      1000	    180000	      1614	      1300
     10000	    180000	      1716	      1189
        10	    190000	      2305	      1311
       100	    190000	      1649	      1297
      1000	    190000	      1690	      1299
     10000	    190000	      1856	      1226
        10	    200000	      1746	      1713
       100	    200000	      1769	      1358
      1000	    200000	      1757	      1412
     10000	    200000	      2375	      1300
    100000	    200000	      3288	      1628
        10	    210000	      1846	      1434
       100	    210000	      1838	      1464
      1000	    210000	      1887	      1590
     10000	    210000	      1994	      1374
    100000	    210000	      3574	      1471
        10	    220000	      1938	      1494
       100	    220000	      1982	      1548
      1000	    220000	      1960	      1507
     10000	    220000	      2105	      1503
    100000	    220000	      3749	      1545
        10	    230000	      1958	      1562
       100	    230000	      1978	      1574
      1000	    230000	      2063	      1556
     10000	    230000	      2246	      1485
    100000	    230000	      3716	      1539
        10	    240000	      2427	      1640
       100	    240000	      2111	      1650
      1000	    240000	      2152	      1649
     10000	    240000	      2332	      1555
    100000	    240000	      3923	      1691
        10	    250000	      2164	      1717
       100	    250000	      2209	      1734
      1000	    250000	      2226	      1700
     10000	    250000	      2414	      1653
    100000	    250000	      4054	      1612
        10	    260000	      2524	      1771
       100	    260000	      2250	      1766
      1000	    260000	      2639	      1823
     10000	    260000	      3398	      1672
    100000	    260000	      4251	      1659
        10	    270000	      2428	      2002
       100	    270000	      2378	      1856
      1000	    270000	      2305	      1831
     10000	    270000	      2580	      1741
    100000	    270000	      4466	      1939
        10	    280000	      2586	      1916
       100	    280000	      2516	      1916
      1000	    280000	      2522	      1955
     10000	    280000	      2660	      1810
    100000	    280000	      4586	      4127
        10	    290000	      2602	      2069
       100	    290000	      2526	      1992
      1000	    290000	      2705	      2016
     10000	    290000	      2780	      1868
    100000	    290000	      5097	      1672
        10	    300000	      2755	      2063
       100	    300000	      2846	      2137
      1000	    300000	      2670	      2282
     10000	    300000	      2865	      1929
    100000	    300000	      4921	      1743
        10	    310000	      3704	      2148
       100	    310000	      2680	      2114
      1000	    310000	      2786	      2112
     10000	    310000	      3012	      2057
    100000	    310000	      5108	      1984
        10	    320000	      2713	      2215
       100	    320000	      2847	      2225
      1000	    320000	      2872	      2178
     10000	    320000	      3034	      2056
    100000	    320000	      5352	      1777
        10	    330000	      2819	      7315
       100	    330000	      2980	      2558
      1000	    330000	      2983	      2244
     10000	    330000	      3122	      2097
    100000	    330000	      5464	      1874
        10	    340000	      3675	      2326
       100	    340000	      3000	      2748
      1000	    340000	      2976	      2330
     10000	    340000	      3289	      2183
    100000	    340000	      5588	      1876
        10	    350000	      3022	      2389
       100	    350000	      3182	      2396
      1000	    350000	      3039	      2536
     10000	    350000	      3393	      2227
    100000	    350000	      5831	      1941
        10	    360000	      3311	      2475
       100	    360000	      3143	      2493
      1000	    360000	      3170	      2453
     10000	    360000	      3399	      2298
    100000	    360000	      5998	      1949
        10	    370000	      3675	      2542
       100	    370000	      3210	      2521
      1000	    370000	      3206	      2528
     10000	    370000	      3524	      2364
    100000	    370000	      6132	      2007
        10	    380000	      3586	      2585
       100	    380000	      3343	      2619
      1000	    380000	      3231	      2618
     10000	    380000	      3891	      2433
    100000	    380000	      6310	      2009
        10	    390000	      3606	      2653
       100	    390000	      3435	      2674
      1000	    390000	      3421	      2644
     10000	    390000	      4564	      2530
    100000	    390000	      6491	      2109
        10	    400000	      3385	      2734
       100	    400000	      3791	      2763
      1000	    400000	      3498	      2728
     10000	    400000	      3817	      2997
    100000	    400000	      6680	      2141
        10	    410000	      3639	      2864
       100	    410000	      3508	      2812
      1000	    410000	      3778	      2795
     10000	    410000	      3888	      2690
    100000	    410000	      7106	      3155
        10	    420000	      3818	      2869
       100	    420000	      3642	      2893
      1000	    420000	      3638	      2853
     10000	    420000	      4249	      2687
    100000	    420000	      7039	      2161
        10	    430000	      3749	      2947
       100	    430000	      3843	      2968
      1000	    430000	      3750	      2935
     10000	    430000	      4074	      2752
    100000	    430000	      7157	      2210
        10	    440000	      4123	      3257
       100	    440000	      4150	      3029
      1000	    440000	      3835	      2981
     10000	    440000	      4234	      2834
    100000	    440000	      7371	      2303
        10	    450000	      4667	      3094
       100	    450000	      4200	      3546
      1000	    450000	      3996	      3062
     10000	    450000	      4317	      2844
    100000	    450000	      7563	      4525
        10	    460000	      4415	      3185
       100	    460000	      3952	      3165
      1000	    460000	      4010	      3197
     10000	    460000	      4310	      2916
    100000	    460000	      7711	      2334
        10	    470000	      4220	      4517
       100	    470000	      4073	      3608
      1000	    470000	      4111	      3208
     10000	    470000	      6930	      2990
    100000	    470000	     14618	      2384
        10	    480000	      4208	      3271
       100	    480000	      5488	      3296
      1000	    480000	      6766	      3392
     10000	    480000	      7647	      3027
    100000	    480000	     14937	      2417
        10	    490000	      4191	      3701
       100	    490000	      4317	      3420
      1000	    490000	      4246	      3540
     10000	    490000	      6830	      3192
    100000	    490000	     15203	      2497
        10	    500000	      5726	      3463
       100	    500000	      4328	      4123
      1000	    500000	      4620	      4799
     10000	    500000	      6142	      5382
    100000	    500000	      8520	      4954
        10	    510000	      6801	      3495
       100	    510000	      4431	      3720
      1000	    510000	      4414	      3468
     10000	    510000	      4939	      3749
    100000	    510000	      8536	      2546
        10	    520000	      4556	      5658
       100	    520000	      4544	      4054
      1000	    520000	      5218	      4237
     10000	    520000	      5950	      4570
    100000	    520000	     15495	      5100
        10	    530000	      7535	      5570
       100	    530000	      6892	      6024
      1000	    530000	      5276	      5777
     10000	    530000	      7009	      3386
    100000	    530000	     15459	      2656
        10	    540000	      4837	      6038
       100	    540000	      4835	      6103
      1000	    540000	      5037	      6055
     10000	    540000	      5555	      3423
    100000	    540000	     14811	      2718
        10	    550000	      4913	      4858
       100	    550000	      4806	      5342
      1000	    550000	      5011	      6117
     10000	    550000	      5538	      5846
    100000	    550000	     12929	      5318
        10	    560000	      6110	      3825
       100	    560000	      6488	      3846
      1000	    560000	      6968	      3805
     10000	    560000	      6155	      3625
    100000	    560000	      9467	      2720
        10	    570000	      6032	      5078
       100	    570000	      4968	      4125
      1000	    570000	      6537	      4238
     10000	    570000	      9419	      4708
    100000	    570000	     13401	      4422
        10	    580000	      5883	      3976
       100	    580000	      5691	      3985
      1000	    580000	      6276	      3960
     10000	    580000	      6721	      3677
    100000	    580000	     12950	      2840
        10	    590000	      5620	      4427
       100	    590000	      5119	      4075
      1000	    590000	      5096	      3991
     10000	    590000	      5611	      3724
    100000	    590000	     10177	      2930
        10	    600000	      5227	      4165
       100	    600000	      5224	      4193
      1000	    600000	      5244	      4103
     10000	    600000	      5716	      3799
    100000	    600000	     10252	      3296
        10	    610000	      5326	      4290
       100	    610000	      5737	      4165
      1000	    610000	      5384	      4161
     10000	    610000	      5865	      3893
    100000	    610000	     11019	      3024
        10	    620000	      5371	      4324
       100	    620000	      5385	      4239
      1000	    620000	      5418	      4365
     10000	    620000	      5893	      5299
    100000	    620000	     10507	      2965
        10	    630000	      5398	      4308
       100	    630000	      5464	      4303
      1000	    630000	      5532	      4262
     10000	    630000	      5929	      3985
    100000	    630000	     10691	      3018
        10	    640000	      5405	      4464
       100	    640000	      5629	      4384
      1000	    640000	      5667	      4418
     10000	    640000	      6419	      4059
    100000	    640000	     11355	      3119
        10	    650000	      5698	      4450
       100	    650000	      5620	      4534
      1000	    650000	      5724	      4594
     10000	    650000	      6146	      4280
    100000	    650000	     11004	      3268
        10	    660000	      5805	      4591
       100	    660000	      5974	      4525
      1000	    660000	      5780	      4530
     10000	    660000	      6385	      4401
    100000	    660000	     11385	      3240
        10	    670000	      5679	      4563
       100	    670000	      5832	      4587
      1000	    670000	      5919	      4611
     10000	    670000	      6709	      4281
    100000	    670000	     11409	      3229
        10	    680000	      6699	      4876
       100	    680000	      5846	      5218
      1000	    680000	      5916	      4783
     10000	    680000	      8550	      4484
    100000	    680000	     24352	      3399
        10	    690000	      6094	      4730
       100	    690000	      6025	      4793
      1000	    690000	      5995	      4682
     10000	    690000	      6667	      4320
    100000	    690000	     11804	      3319
        10	    700000	      6200	      5440
       100	    700000	      6062	      4805
      1000	    700000	      5965	      4787
     10000	    700000	      6679	      4428
    100000	    700000	     12091	      3318
        10	    710000	      6297	     12228
       100	    710000	      6153	     12868
      1000	    710000	      6232	      4873
     10000	    710000	      6730	      4508
    100000	    710000	     24242	      3328
        10	    720000	     13475	      4917
       100	    720000	     26813	      4944
      1000	    720000	     17464	      4859
     10000	    720000	     63036	      4573
    100000	    720000	     12582	      3452
        10	    730000	      8811	      6088
       100	    730000	     10549	      5485
      1000	    730000	     10043	      5002
     10000	    730000	      9784	      4626
    100000	    730000	     20293	      5393
        10	    740000	      6266	      5036
       100	    740000	      6392	      5045
      1000	    740000	      6478	      5348
     10000	    740000	      6963	      4640
    100000	    740000	     12550	      3569
        10	    750000	      6383	      5110
       100	    750000	      6435	      5327
      1000	    750000	      6679	      5085
     10000	    750000	      7147	      4752
    100000	    750000	     13578	      3929
        10	    760000	      7445	      6799
       100	    760000	      7209	      5226
      1000	    760000	      7039	      5407
     10000	    760000	      7454	      5538
    100000	    760000	     13262	      3787
        10	    770000	      6706	      7421
       100	    770000	      6636	     72911
      1000	    770000	      6633	     11876
     10000	    770000	      7377	      4855
    100000	    770000	    127240	      5579
        10	    780000	      6970	      5361
       100	    780000	      7052	      5474
      1000	    780000	      7194	      5845
     10000	    780000	      7724	      5091
    100000	    780000	     14654	      4008
        10	    790000	      8250	      5470
       100	    790000	     11412	      5576
      1000	    790000	      8123	      5471
     10000	    790000	     11940	      4992
    100000	    790000	     13859	      4510
        10	    800000	     10229	      5491
       100	    800000	      6958	      5599
      1000	    800000	      6863	      5448
     10000	    800000	      7593	      5994
    100000	    800000	     13783	      7382
        10	    810000	      7460	      5640
       100	    810000	      7194	      5535
      1000	    810000	      7011	      5514
     10000	    810000	     10029	      5098
    100000	    810000	     15058	      3899
        10	    820000	      7008	      9066
       100	    820000	      7013	      8330
      1000	    820000	      7081	      9388
     10000	    820000	      7811	      6595
    100000	    820000	     18500	      4013
        10	    830000	      7688	      5737
       100	    830000	      9267	      6423
      1000	    830000	      9275	      7849
     10000	    830000	      8359	      7020
    100000	    830000	     14229	      6617
        10	    840000	      8172	      5877
       100	    840000	      9697	      8286
      1000	    840000	      9681	      8260
     10000	    840000	      9666	      6761
    100000	    840000	     17454	      6675
        10	    850000	      7811	      5857
       100	    850000	      7656	      5965
      1000	    850000	      7428	      5812
     10000	    850000	      8224	      6246
    100000	    850000	     15298	      4014
        10	    860000	      7799	      6075
       100	    860000	      7403	      5894
      1000	    860000	      7424	      5850
     10000	    860000	      8185	      5427
    100000	    860000	     14577	      3935
        10	    870000	      7689	      6221
       100	    870000	      7482	      5937
      1000	    870000	      8080	      5992
     10000	    870000	      8238	      5500
    100000	    870000	     15217	      3981
        10	    880000	      7868	      6518
       100	    880000	      7646	      6240
      1000	    880000	      7651	      5975
     10000	    880000	      8365	      5615
    100000	    880000	     15026	      4008
        10	    890000	      7816	      6130
       100	    890000	     10798	      6117
      1000	    890000	     11965	      6055
     10000	    890000	      9977	      5725
    100000	    890000	     15125	      4118
        10	    900000	      7932	      7173
       100	    900000	      7703	      6262
      1000	    900000	      7769	      6325
     10000	    900000	      8613	      7178
    100000	    900000	     18131	      5972
        10	    910000	      8965	      6333
       100	    910000	     18661	      6190
      1000	    910000	     32888	      6267
     10000	    910000	     11266	      5725
    100000	    910000	     15993	      4105
        10	    920000	      8009	      6493
       100	    920000	      7911	      6382
      1000	    920000	      7956	      6286
     10000	    920000	      8693	      6519
    100000	    920000	     15742	      4215
        10	    930000	      8418	      6379
       100	    930000	      7960	      6343
      1000	    930000	      8165	      6349
     10000	    930000	      8791	      6131
    100000	    930000	     16067	      4231
        10	    940000	      8117	      6908
       100	    940000	      8153	      6496
      1000	    940000	      8138	      6387
     10000	    940000	      9183	      6020
    100000	    940000	     15977	      4344
        10	    950000	      8192	      6693
       100	    950000	      8179	      6649
      1000	    950000	      8298	      6951
     10000	    950000	      8922	      7275
    100000	    950000	     16249	      4513
        10	    960000	      8441	      6961
       100	    960000	      8890	     11165
      1000	    960000	      8490	      6701
     10000	    960000	      9522	      6316
    100000	    960000	     22211	      4576
        10	    970000	      8644	      6805
       100	    970000	      8428	      6970
      1000	    970000	      8481	      6682
     10000	    970000	      9186	      6256
    100000	    970000	     19052	      4501
        10	    980000	      8819	      7120
       100	    980000	      8395	      7110
      1000	    980000	     15779	      8167
     10000	    980000	     18167	      7481
    100000	    980000	     18199	      5324
        10	    990000	      8886	      7001
       100	    990000	      9641	      6853
      1000	    990000	      8969	      6831
     10000	    990000	     10469	      6326
    100000	    990000	     19046	     29381
        10	   1000000	      9146	      6983
       100	   1000000	     29934	      6884
      1000	   1000000	     17508	      6829
     10000	   1000000	      9977	      6299
    100000	   1000000	     19155	      7212
