//            PatSize	     Ratio
               10000	  0.090300
               20000	  0.032250
               30000	  0.026867
               40000	  0.024375
               50000	  0.008380
               60000	  0.009333
               70000	  0.008586
               80000	  0.007100
               90000	  0.008211
              100000	  0.009030
              110000	  0.028582
              120000	  0.007233
              130000	  0.007015
              140000	  0.007057
              150000	  0.007353
              160000	  0.008219
              170000	  0.007653
              180000	  0.007283
              190000	  0.008353
              200000	  0.007550
              210000	  0.007333
              220000	  0.007964
              230000	  0.008383
              240000	  0.010983
              250000	  0.010064
              260000	  0.009715
              270000	  0.007396
              280000	  0.009689
              290000	  0.009510
              300000	  0.008430
              310000	  0.007200
              320000	  0.009053
              330000	  0.007264
              340000	  0.007974
              350000	  0.007423
              360000	  0.007139
              370000	  0.008411
              380000	  0.008263
              390000	  0.008851
              400000	  0.007583
              410000	  0.008073
              420000	  0.007700
              430000	  0.007098
              440000	  0.007423
              450000	  0.007018
              460000	  0.008578
              470000	  0.007136
              480000	  0.007521
              490000	  0.009198
              500000	  0.007038
              510000	  0.007798
              520000	  0.007633
              530000	  0.009064
              540000	  0.008524
              550000	  0.007147
              560000	  0.007804
              570000	  0.007251
              580000	  0.022676
              590000	  0.008431
              600000	  0.027702
              610000	  0.030802
              620000	  0.008103
              630000	  0.010894
              640000	  0.007220
              650000	  0.009351
              660000	  0.010167
              670000	  0.010025
              680000	  0.009599
              690000	  0.009714
              700000	  0.008527
              710000	  0.009532
              720000	  0.009821
              730000	  0.009605
              740000	  0.010055
              750000	  0.010043
              760000	  0.007234
              770000	  0.007103
              780000	  0.007267
              790000	  0.007328
              800000	  0.007171
              810000	  0.007304
              820000	  0.008513
              830000	  0.007018
              840000	  0.007335
              850000	  0.007099
              860000	  0.010397
              870000	  0.008680
              880000	  0.007977
              890000	  0.007504
              900000	  0.008433
              910000	  0.015758
              920000	  0.007074
              930000	  0.007148
              940000	  0.008588
              950000	  0.006961
              960000	  0.007110
              970000	  0.006975
              980000	  0.007226
              990000	  0.007305
             1000000	  0.007251
Ignoring ratios before cross over point: 200000
Sorted ratios are: 
  0.006961,   0.006975,   0.007015,   0.007018,   0.007018, 
  0.007038,   0.007057,   0.007074,   0.007098,   0.007099, 
  0.007100,   0.007103,   0.007110,   0.007136,   0.007139, 
  0.007147,   0.007148,   0.007171,   0.007200,   0.007220, 
  0.007226,   0.007233,   0.007234,   0.007251,   0.007251, 
  0.007264,   0.007267,   0.007283,   0.007304,   0.007305, 
  0.007328,   0.007333,   0.007335,   0.007353,   0.007396, 
  0.007423,   0.007423,   0.007504,   0.007521,   0.007550, 
  0.007583,   0.007633,   0.007653,   0.007700,   0.007798, 
  0.007804,   0.007964,   0.007974,   0.007977,   0.008073, 
  0.008103,   0.008211,   0.008219,   0.008263,   0.008353, 
  0.008380,   0.008383,   0.008411,   0.008430,   0.008431, 
  0.008433,   0.008513,   0.008524,   0.008527,   0.008578, 
  0.008586,   0.008588,   0.008680,   0.008851,   0.009030, 
  0.009053,   0.009064,   0.009198,   0.009333,   0.009351, 
  0.009510,   0.009532,   0.009599,   0.009605,   0.009689
Maximum ratio is:   0.009689
Average ratio is:   0.007877
