// PatSize	  TextSize	  Naive-RT	    KMP-RT
        10	     10000	       923	       561
       100	     10000	       936	       303
      1000	     10000	       624	       373
        10	     20000	       277	       705
       100	     20000	       250	      1224
      1000	     20000	       205	       232
     10000	     20000	       232	       834
        10	     30000	       258	       209
       100	     30000	       270	       261
      1000	     30000	       271	       352
     10000	     30000	       293	       823
        10	     40000	       481	       279
       100	     40000	       403	       294
      1000	     40000	       354	       439
     10000	     40000	       395	       817
        10	     50000	       423	       392
       100	     50000	       450	       408
      1000	     50000	       437	       347
     10000	     50000	       500	       369
        10	     60000	       524	       468
       100	     60000	       533	       452
      1000	     60000	       536	       419
     10000	     60000	       583	       448
        10	     70000	       664	       494
       100	     70000	       620	       494
      1000	     70000	       686	       511
     10000	     70000	       817	       618
        10	     80000	       719	       643
       100	     80000	       782	       604
      1000	     80000	       722	       611
     10000	     80000	       773	       565
        10	     90000	       933	       634
       100	     90000	       787	       631
      1000	     90000	       799	       650
     10000	     90000	       950	       682
        10	    100000	       881	       723
       100	    100000	       999	       729
      1000	    100000	       909	       699
     10000	    100000	      1139	       747
        10	    110000	      1024	       819
       100	    110000	      1571	       782
      1000	    110000	      1102	       841
     10000	    110000	      1569	       953
        10	    120000	      1049	       943
       100	    120000	      1072	      1209
      1000	    120000	      1161	       904
     10000	    120000	      1186	       859
        10	    130000	      1222	       898
       100	    130000	      1341	       909
      1000	    130000	      1176	       950
     10000	    130000	      1396	       935
        10	    140000	      1362	       979
       100	    140000	      1393	      1219
      1000	    140000	      1385	       970
     10000	    140000	      1441	       946
        10	    150000	      1322	      1035
       100	    150000	      1267	      1034
      1000	    150000	      1332	      1110
     10000	    150000	      1453	      1052
        10	    160000	      1401	      1245
       100	    160000	      1370	      1201
      1000	    160000	      1407	      1102
     10000	    160000	      1791	      1056
        10	    170000	      1488	      1353
       100	    170000	      1658	      1675
      1000	    170000	      1611	      1363
     10000	    170000	      1759	      1698
        10	    180000	      1649	      1254
       100	    180000	      1616	      1256
      1000	    180000	      1642	      1245
     10000	    180000	      1790	      1197
        10	    190000	      1737	      1319
       100	    190000	      1676	      1325
      1000	    190000	      1807	      1631
     10000	    190000	      1876	      1260
        10	    200000	      1732	      1416
       100	    200000	      1733	      1377
      1000	    200000	      1786	      1596
     10000	    200000	      2087	      1307
    100000	    200000	      3180	      1521
        10	    210000	      1773	      1659
       100	    210000	      1834	      1464
      1000	    210000	      1840	      1477
     10000	    210000	      2107	      1412
    100000	    210000	      3375	      1628
        10	    220000	      2120	      1521
       100	    220000	      1950	      1513
      1000	    220000	      1971	      1543
     10000	    220000	      2087	      1503
    100000	    220000	      3551	      1516
        10	    230000	      1941	      1859
       100	    230000	      1982	      1588
      1000	    230000	      2074	      1601
     10000	    230000	      2247	      1509
    100000	    230000	      3698	      1529
        10	    240000	      2971	      1670
       100	    240000	      2323	      1660
      1000	    240000	      2118	      1787
     10000	    240000	      2328	      1619
    100000	    240000	      3898	      1572
        10	    250000	      2526	      1742
       100	    250000	      2243	      1735
      1000	    250000	      2521	      1760
     10000	    250000	      2385	      1661
    100000	    250000	      5113	      1710
        10	    260000	      2407	      1794
       100	    260000	      2383	      1793
      1000	    260000	      2263	      1898
     10000	    260000	      2464	      1694
    100000	    260000	      4251	      1715
        10	    270000	      2272	      1864
       100	    270000	      2327	      1865
      1000	    270000	      2872	      1860
     10000	    270000	      2609	      1763
    100000	    270000	      4397	      1753
        10	    280000	      2589	      1938
       100	    280000	      2644	      1942
      1000	    280000	      2444	      1934
     10000	    280000	      2680	      1833
    100000	    280000	      4568	      4211
        10	    290000	      2463	      2007
       100	    290000	      2533	      2013
      1000	    290000	      2540	      2351
     10000	    290000	      2743	      2172
    100000	    290000	      4686	      1720
        10	    300000	      3165	      2111
       100	    300000	      2753	      2075
      1000	    300000	      2710	      2533
     10000	    300000	      2923	      1942
    100000	    300000	      4956	      1730
        10	    310000	      2817	      2601
       100	    310000	      2896	      2659
      1000	    310000	      2765	      2567
     10000	    310000	      3202	      2454
    100000	    310000	      5316	      2093
        10	    320000	      2917	      2256
       100	    320000	      2722	      3052
      1000	    320000	      2852	      2206
     10000	    320000	      3052	      2081
    100000	    320000	      5814	      1786
        10	    330000	      2838	      2297
       100	    330000	      3100	      2287
      1000	    330000	      2892	      2278
     10000	    330000	      3570	      2343
    100000	    330000	      5688	      1830
        10	    340000	      2920	      2438
       100	    340000	      2903	      2429
      1000	    340000	      2957	      2464
     10000	    340000	      3253	      2329
    100000	    340000	      5742	      1897
        10	    350000	      3095	      2423
       100	    350000	      3172	      2538
      1000	    350000	      3062	      2461
     10000	    350000	      3386	      2302
    100000	    350000	      7101	      2046
        10	    360000	      3320	      2532
       100	    360000	      3306	      2500
      1000	    360000	      3451	      2558
     10000	    360000	      3484	      2328
    100000	    360000	      6095	      1925
        10	    370000	      3926	      3393
       100	    370000	      3370	      3144
      1000	    370000	      3186	      2548
     10000	    370000	      3521	      2411
    100000	    370000	      7195	     12538
        10	    380000	      4572	      3663
       100	    380000	      3612	      2977
      1000	    380000	      3492	      5752
     10000	    380000	      3853	      3183
    100000	    380000	      7443	     29682
        10	    390000	      5674	     31288
       100	    390000	      4960	      8550
      1000	    390000	      4618	      7478
     10000	    390000	      5037	     14057
    100000	    390000	     76217	     13175
        10	    400000	      5072	      3938
       100	    400000	      4351	      2792
      1000	    400000	      5170	      2777
     10000	    400000	      5572	      3255
    100000	    400000	     12932	      2131
        10	    410000	      3599	      2880
       100	    410000	      3795	      2908
      1000	    410000	      3595	      3341
     10000	    410000	      4730	      2701
    100000	    410000	      7086	      2192
        10	    420000	      3691	      3735
       100	    420000	      3717	      3221
      1000	    420000	      3796	      3288
     10000	    420000	      4755	      3807
    100000	    420000	      7293	      2454
        10	    430000	      3983	      3067
       100	    430000	      3833	      2989
      1000	    430000	      3986	      2996
     10000	    430000	      4704	      2793
    100000	    430000	      7995	      2630
        10	    440000	     21909	      3049
       100	    440000	      4046	      3526
      1000	    440000	      4136	      3023
     10000	    440000	      4200	      2825
    100000	    440000	      7366	      2267
        10	    450000	      6366	      3108
       100	    450000	      4285	      3116
      1000	    450000	      3975	      3576
     10000	    450000	      5031	      2936
    100000	    450000	      7501	      2507
        10	    460000	      4400	      3284
       100	    460000	      4213	      3662
      1000	    460000	      4010	      3350
     10000	    460000	      4372	      3367
    100000	    460000	     10672	      2829
        10	    470000	      4758	      3425
       100	    470000	      5015	      3292
      1000	    470000	      4403	      3488
     10000	    470000	      4612	      3316
    100000	    470000	      8148	      2925
        10	    480000	      4575	      3526
       100	    480000	      4219	      3374
      1000	    480000	      4219	      3395
     10000	    480000	      4691	      3057
    100000	    480000	      8525	      3067
        10	    490000	      4313	      3408
       100	    490000	      4194	      3873
      1000	    490000	      4338	      3367
     10000	    490000	      4581	      3153
    100000	    490000	      8248	      2807
        10	    500000	      4312	      3571
       100	    500000	      4357	      3575
      1000	    500000	      6427	      3497
     10000	    500000	      5267	      3450
    100000	    500000	     11313	      2665
        10	    510000	      4382	      4338
       100	    510000	      4418	      4434
      1000	    510000	      4424	      3984
     10000	    510000	      4813	      3858
    100000	    510000	      9108	      4171
        10	    520000	      7558	      3653
       100	    520000	      5342	      3623
      1000	    520000	      5262	      3670
     10000	    520000	      6036	      3956
    100000	    520000	      9708	      2844
        10	    530000	      4718	      5410
       100	    530000	      4811	      4964
      1000	    530000	      4652	      5508
     10000	    530000	      5014	      4949
    100000	    530000	      8909	      4667
        10	    540000	      6598	      3755
       100	    540000	      5682	      4117
      1000	    540000	      6131	      5056
     10000	    540000	      6329	      3694
    100000	    540000	     10847	      5530
        10	    550000	      7558	      4099
       100	    550000	      6273	      3887
      1000	    550000	      5734	      3865
     10000	    550000	      6281	      3605
    100000	    550000	     12707	      4403
        10	    560000	      5101	      3980
       100	    560000	      5466	      4036
      1000	    560000	      4897	      4871
     10000	    560000	      5560	      5361
    100000	    560000	     10360	      4110
        10	    570000	      6221	     27306
       100	    570000	      5596	      4312
      1000	    570000	      5570	      4067
     10000	    570000	      5400	      3933
    100000	    570000	      9708	      3381
        10	    580000	      5305	      6138
       100	    580000	      4881	      6479
      1000	    580000	      5355	      6064
     10000	    580000	      5815	      5686
    100000	    580000	     10439	      4628
        10	    590000	      5502	      4432
       100	    590000	      5925	      4739
      1000	    590000	      5508	      4106
     10000	    590000	      5587	      8217
    100000	    590000	     10399	      6364
        10	    600000	      8037	      5014
       100	    600000	      7326	      5006
      1000	    600000	      7943	      4536
     10000	    600000	      8117	      4191
    100000	    600000	     13462	      3349
        10	    610000	      5738	      4652
       100	    610000	      6135	      4720
      1000	    610000	      6963	      4998
     10000	    610000	      6795	      4380
    100000	    610000	     10666	      3737
        10	    620000	      5532	      4606
       100	    620000	      5277	      4623
      1000	    620000	      5416	      4366
     10000	    620000	      5938	      4326
    100000	    620000	     10945	      3479
        10	    630000	      5789	      7344
       100	    630000	      5880	      7195
      1000	    630000	      5960	      7269
     10000	    630000	      6348	      4177
    100000	    630000	     15856	      3416
        10	    640000	      5539	      4526
       100	    640000	      8181	      4747
      1000	    640000	      9309	      4684
     10000	    640000	      9614	      6818
    100000	    640000	     10907	      6295
        10	    650000	     10501	      4530
       100	    650000	      5760	      4879
      1000	    650000	      6160	      4883
     10000	    650000	      6793	      7243
    100000	    650000	     11201	      6451
        10	    660000	      9263	      4949
       100	    660000	      6915	      4956
      1000	    660000	      6451	      4674
     10000	    660000	      6633	      4548
    100000	    660000	     11419	      3506
        10	    670000	      8367	      5321
       100	    670000	      9419	      5215
      1000	    670000	      8220	      5154
     10000	    670000	      7625	      4643
    100000	    670000	     11711	      3880
        10	    680000	      8655	      8408
       100	    680000	      6127	      4908
      1000	    680000	      6408	      5050
     10000	    680000	      6602	      4354
    100000	    680000	     21548	      3676
        10	    690000	      7613	      5573
       100	    690000	      6063	      5167
      1000	    690000	      6498	      7267
     10000	    690000	     22683	      4733
    100000	    690000	     12898	      3756
        10	    700000	      9708	      5903
       100	    700000	     14088	      5762
      1000	    700000	      8983	     52651
     10000	    700000	     14816	      9496
    100000	    700000	     28824	      7445
        10	    710000	      7762	      6537
       100	    710000	      6357	      7353
      1000	    710000	      6224	      8335
     10000	    710000	      7035	      8141
    100000	    710000	     12702	     29145
        10	    720000	      6445	      5259
       100	    720000	     15042	      5388
      1000	    720000	      6685	      5860
     10000	    720000	      8255	      5425
    100000	    720000	     13174	      4438
        10	    730000	     10708	      6482
       100	    730000	      7123	      6550
      1000	    730000	      7679	      6744
     10000	    730000	     10255	      6593
    100000	    730000	     19118	      5052
        10	    740000	      6599	     55807
       100	    740000	      6512	     23233
      1000	    740000	      6770	      6319
     10000	    740000	    166017	      4830
    100000	    740000	    344948	      3978
        10	    750000	      6428	      5488
       100	    750000	      6761	      8018
      1000	    750000	      6614	      5515
     10000	    750000	      7476	      5176
    100000	    750000	     13191	      6457
        10	    760000	      6693	      5319
       100	    760000	      6997	      5296
      1000	    760000	      7533	      5568
     10000	    760000	      7551	      5331
    100000	    760000	     13869	      4080
        10	    770000	      7054	      5448
       100	    770000	      6829	      5654
      1000	    770000	      6672	      5298
     10000	    770000	      7780	      5194
    100000	    770000	     13858	      5322
        10	    780000	     13257	      5868
       100	    780000	     18349	      6254
      1000	    780000	     14358	      5884
     10000	    780000	     20717	      5270
    100000	    780000	     29899	      4669
        10	    790000	      7083	      8303
       100	    790000	      7071	      6802
      1000	    790000	      7884	      6334
     10000	    790000	      8159	      5116
    100000	    790000	     24384	      4283
        10	    800000	      7176	      5865
       100	    800000	      7393	      6093
      1000	    800000	      7468	      5917
     10000	    800000	      7971	      5453
    100000	    800000	     19339	      5118
        10	    810000	      6970	      8627
       100	    810000	      7159	      5984
      1000	    810000	      7310	      6664
     10000	    810000	      8063	      5944
    100000	    810000	     14758	      4356
        10	    820000	      7324	      6395
       100	    820000	      7138	      5935
      1000	    820000	      7585	      5820
     10000	    820000	     12695	      7788
    100000	    820000	     22485	      5578
        10	    830000	     11773	      5752
       100	    830000	      8532	      6056
      1000	    830000	     10074	      7906
     10000	    830000	      9587	      8224
    100000	    830000	     15193	      5075
        10	    840000	      9284	      5982
       100	    840000	      9104	      7117
      1000	    840000	      7748	      7990
     10000	    840000	      8273	      7208
    100000	    840000	     15387	      6151
        10	    850000	      8567	      7089
       100	    850000	      9489	      6472
      1000	    850000	      7904	      7134
     10000	    850000	      8813	      5498
    100000	    850000	     18001	      4886
        10	    860000	     10160	      6940
       100	    860000	      8751	      8648
      1000	    860000	      8519	      6307
     10000	    860000	     10720	      5869
    100000	    860000	     18705	      4334
        10	    870000	      7670	      8528
       100	    870000	      7690	      7279
      1000	    870000	      7728	      7286
     10000	    870000	      9857	      5728
    100000	    870000	     20199	      4641
        10	    880000	      8093	      7578
       100	    880000	      7855	      8394
      1000	    880000	      8087	      7472
     10000	    880000	     11348	      7104
    100000	    880000	     21970	      6440
        10	    890000	      8932	      7343
       100	    890000	     10106	      8752
      1000	    890000	      9741	      7310
     10000	    890000	      9762	      5930
    100000	    890000	     19363	      7081
        10	    900000	     11058	      8876
       100	    900000	     10518	      7647
      1000	    900000	     10238	      6809
     10000	    900000	     11923	      8259
    100000	    900000	     20381	      6686
        10	    910000	      9251	      7406
       100	    910000	      9566	      7871
      1000	    910000	      9072	      7845
     10000	    910000	     10771	      8094
    100000	    910000	     19065	      4572
        10	    920000	     17083	      6434
       100	    920000	     31180	      6846
      1000	    920000	      8195	      6403
     10000	    920000	      9231	      6182
    100000	    920000	     16167	      4579
        10	    930000	      8188	      6817
       100	    930000	      8418	      6604
      1000	    930000	      8301	      6847
     10000	    930000	      9115	      5954
    100000	    930000	     16670	      4829
        10	    940000	      8334	      6895
       100	    940000	      8309	      7041
      1000	    940000	      8444	      6825
     10000	    940000	      9096	      6010
    100000	    940000	     16495	      4718
        10	    950000	      8459	      9581
       100	    950000	      8793	      7747
      1000	    950000	      8584	      7923
     10000	    950000	      9422	      8496
    100000	    950000	     17733	      6249
        10	    960000	     10306	      9024
       100	    960000	     11129	      9308
      1000	    960000	      9727	      7832
     10000	    960000	     11593	      8104
    100000	    960000	     20463	      7325
        10	    970000	     10763	      7062
       100	    970000	      9049	      6763
      1000	    970000	      8786	      7461
     10000	    970000	      9403	      6161
    100000	    970000	     17557	      4829
        10	    980000	      8797	      6829
       100	    980000	      8851	      7176
      1000	    980000	      8774	      7167
     10000	    980000	      9461	      6786
    100000	    980000	     17514	      4826
        10	    990000	      9049	      7120
       100	    990000	      8985	      7172
      1000	    990000	      8841	      7403
     10000	    990000	      9558	      6675
    100000	    990000	     17620	      4885
        10	   1000000	      8970	      7253
       100	   1000000	      8864	      7242
      1000	   1000000	      9018	      7323
     10000	   1000000	     12342	      6435
    100000	   1000000	     18993	      6161
